{"app":"com.nianticlabs.ardksamples","autofocus":1,"captureGroup":{"sequence":0,"uuid":"018c3140-8d74-7023-8069-fb0a0000ffff"},"coordinates":"opengl","depthSource":"none","duration":4.295,"formatVersion":"1","frameCount":65,"framerate":14.90104772991851,"frames":[{"exposure":0.0,"image":"frame_00000000.jpg","intrinsics":[549.0443115234375,549.0443115234375,356.9969787597656,274.0294189453125,0.0],"location":{"altitude":38.900001525878906,"altitudeAccuracy":22.448999404907227,"heading":277.59783935546875,"headingAccuracy":22.448999404907227,"headingTimestamp":1701633362.0,"latitude":40.68980407714844,"longitude":-73.98483276367188,"positionAccuracy":22.448999404907227,"positionSource":"corelocation","positionTimestamp":1701633362.0},"pose":[0.023228993639349937,0.003405851311981678,0.0012399520492181182,0.08139969408512115,-0.10013891011476517,-0.6928094625473022,0.7094796299934387],"pose4x4":[0.01997452974319458,-0.9993709325790405,0.02930407226085663,0.0,0.9667658805847168,0.02677828073501587,0.2542572021484375,0.0,-0.25488197803497314,0.023251518607139587,0.9666925668716431,0.0,0.023228993639349937,0.003405851311981678,0.0012399520492181182,1.0],"resolution":[720,540],"sequence":0,"timestamp":1701633363.0,"tracking":2,"trackingReason":0},{"exposure":0.0,"image":"frame_00000001.jpg","intrinsics":[549.0443115234375,549.0443115234375,356.9969787597656,274.0294189453125,0.0],"location":{"altitude":38.900001525878906,"altitudeAccuracy":22.448999404907227,"heading":277.59783935546875,"headingAccuracy":22.448999404907227,"headingTimestamp":1701633362.0,"latitude":40.68980407714844,"longitude":-73.98483276367188,"positionAccuracy":22.448999404907227,"positionSource":"corelocation","positionTimestamp":1701633362.0},"pose":[0.02275221236050129,0.003751719370484352,0.0013023075880482793,0.08195073902606964,-0.09939546138048172,-0.692349910736084,0.7099692225456238],"pose4x4":[0.021544277667999268,-0.9993853569030762,0.027658268809318542,0.0,0.9668031930923462,0.027871370315551758,0.25399789214134216,0.0,-0.25461262464523315,0.02126786857843399,0.9668092131614685,0.0,0.02275221236050129,0.003751719370484352,0.0013023075880482793,1.0],"resolution":[720,540],"sequence":1,"timestamp":1701633363.066,"tracking":2,"trackingReason":0},{"exposure":0.0,"image":"frame_00000002.jpg","intrinsics":[549.0443115234375,549.0443115234375,356.9969787597656,274.0294189453125,0.0],"location":{"altitude":38.900001525878906,"altitudeAccuracy":22.448999404907227,"heading":277.59783935546875,"headingAccuracy":22.448999404907227,"headingTimestamp":1701633362.0,"latitude":40.68980407714844,"longitude":-73.98483276367188,"positionAccuracy":22.448999404907227,"positionSource":"corelocation","positionTimestamp":1701633362.0},"pose":[0.02298758551478386,0.004293759819120169,0.0015039241407066584,0.0779033675789833,-0.09648983925580978,-0.6930747628211975,0.7101182341575623],"pose4x4":[0.020674169063568115,-0.9993638396263123,0.02905268222093582,0.0,0.9692962765693665,0.027156829833984375,0.2443905472755432,0.0,-0.24502411484718323,0.023108147084712982,0.9692415595054626,0.0,0.02298758551478386,0.004293759819120169,0.0015039241407066584,1.0],"resolution":[720,540],"sequence":2,"timestamp":1701633363.166,"tracking":2,"trackingReason":0},{"exposure":0.0,"image":"frame_00000003.jpg","intrinsics":[549.0443115234375,549.0443115234375,356.9969787597656,274.0294189453125,0.0],"location":{"altitude":38.900001525878906,"altitudeAccuracy":22.448999404907227,"heading":277.59783935546875,"headingAccuracy":22.448999404907227,"headingTimestamp":1701633362.0,"latitude":40.68980407714844,"longitude":-73.98483276367188,"positionAccuracy":22.448999404907227,"positionSource":"corelocation","positionTimestamp":1701633362.0},"pose":[0.02229689434170723,0.004626438021659851,0.002355600241571665,0.07720741629600525,-0.09558597952127457,-0.6932241916656494,0.7101705074310303],"pose4x4":[0.0206071138381958,-0.9993746280670166,0.028720587491989136,0.0,0.9698548316955566,0.02695852518081665,0.24218589067459106,0.0,-0.24280878901481628,0.022864170372486115,0.9698046445846558,0.0,0.02229689434170723,0.004626438021659851,0.002355600241571665,1.0],"resolution":[720,540],"sequence":3,"timestamp":1701633363.233,"tracking":2,"trackingReason":0},{"exposure":0.0,"image":"frame_00000004.jpg","intrinsics":[549.0443115234375,549.0443115234375,356.9969787597656,274.0294189453125,0.0],"location":{"altitude":38.900001525878906,"altitudeAccuracy":22.448999404907227,"heading":277.59783935546875,"headingAccuracy":22.448999404907227,"headingTimestamp":1701633362.0,"latitude":40.68980407714844,"longitude":-73.98483276367188,"positionAccuracy":22.448999404907227,"positionSource":"corelocation","positionTimestamp":1701633362.0},"pose":[0.023335888981819153,0.005112786777317524,0.0017311839619651437,0.07656252384185791,-0.09378174692392349,-0.6937481760978699,0.7099695205688477],"pose4x4":[0.019836902618408203,-0.9994404315948486,0.02693413943052292,0.0,0.9707198143005371,0.0257033109664917,0.23883594572544098,0.0,-0.23939457535743713,0.021407708525657654,0.9706863164901733,0.0,0.023335888981819153,0.005112786777317524,0.0017311839619651437,1.0],"resolution":[720,540],"sequence":4,"timestamp":1701633363.299,"tracking":2,"trackingReason":0},{"exposure":0.0,"image":"frame_00000005.jpg","intrinsics":[549.0443115234375,549.0443115234375,356.9969787597656,274.0294189453125,0.0],"location":{"altitude":38.900001525878906,"altitudeAccuracy":22.448999404907227,"heading":277.59783935546875,"headingAccuracy":22.448999404907227,"headingTimestamp":1701633362.0,"latitude":40.68980407714844,"longitude":-73.98483276367188,"positionAccuracy":22.448999404907227,"positionSource":"corelocation","positionTimestamp":1701633362.0},"pose":[0.02414673939347267,0.005257264710962772,0.00045370476436801255,0.07559789717197418,-0.09303771704435349,-0.6938611268997192,0.7100600600242615],"pose4x4":[0.019801437854766846,-0.9994331002235413,0.027215853333473206,0.0,0.9712992310523987,0.02568340301513672,0.2364686131477356,0.0,-0.23703362047672272,0.02175241708755493,0.9712578654289246,0.0,0.02414673939347267,0.005257264710962772,0.00045370476436801255,1.0],"resolution":[720,540],"sequence":5,"timestamp":1701633363.366,"tracking":2,"trackingReason":0},{"exposure":0.0,"image":"frame_00000006.jpg","intrinsics":[549.0443115234375,549.0443115234375,356.9969787597656,274.0294189453125,0.0],"location":{"altitude":38.900001525878906,"altitudeAccuracy":22.448999404907227,"heading":277.59783935546875,"headingAccuracy":22.448999404907227,"headingTimestamp":1701633362.0,"latitude":40.68980407714844,"longitude":-73.98483276367188,"positionAccuracy":22.448999404907227,"positionSource":"corelocation","positionTimestamp":1701633362.0},"pose":[0.023750755935907364,0.005337903276085854,0.00040830185753293335,0.07225316762924194,-0.09327670186758041,-0.6937543749809265,0.7104811668395996],"pose4x4":[0.020008623600006104,-0.9992778897285461,0.032290779054164886,0.0,0.9723197817802429,0.026968657970428467,0.2320912778377533,0.0,-0.23279458284378052,0.026753216981887817,0.972157895565033,0.0,0.023750755935907364,0.005337903276085854,0.00040830185753293335,1.0],"resolution":[720,540],"sequence":6,"timestamp":1701633363.432,"tracking":2,"trackingReason":0},{"exposure":0.0,"image":"frame_00000007.jpg","intrinsics":[549.0443115234375,549.0443115234375,356.9969787597656,274.0294189453125,0.0],"location":{"altitude":38.900001525878906,"altitudeAccuracy":22.448999404907227,"heading":277.59783935546875,"headingAccuracy":22.448999404907227,"headingTimestamp":1701633362.0,"latitude":40.68980407714844,"longitude":-73.98483276367188,"positionAccuracy":22.448999404907227,"positionSource":"corelocation","positionTimestamp":1701633362.0},"pose":[0.02479892037808895,0.00505675096064806,-0.0023791203275322914,0.06579708307981491,-0.09126016497612,-0.6950153708457947,0.7101374864578247],"pose4x4":[0.017250478267669678,-0.9991222620010376,0.038154564797878265,0.0,0.9751036167144775,0.02524876594543457,0.22030438482761383,0.0,-0.22107449173927307,0.03340448439121246,0.9746846556663513,0.0,0.02479892037808895,0.00505675096064806,-0.0023791203275322914,1.0],"resolution":[720,540],"sequence":7,"timestamp":1701633363.499,"tracking":2,"trackingReason":0},{"exposure":0.0,"image":"frame_00000008.jpg","intrinsics":[549.0443115234375,549.0443115234375,356.9969787597656,274.0294189453125,0.0],"location":{"altitude":38.900001525878906,"altitudeAccuracy":22.448999404907227,"heading":277.59783935546875,"headingAccuracy":22.448999404907227,"headingTimestamp":1701633362.0,"latitude":40.68980407714844,"longitude":-73.98483276367188,"positionAccuracy":22.448999404907227,"positionSource":"corelocation","positionTimestamp":1701633362.0},"pose":[0.02492537535727024,0.0048228176310658455,-0.0046466332860291,0.05402353033423424,-0.08793749660253525,-0.6966718435287476,0.7099271416664124],"pose4x4":[0.01383066177368164,-0.9986739158630371,0.04958508908748627,0.0,0.9796711206436157,0.02345961332321167,0.19923269748687744,0.0,-0.20013177394866943,0.04582161456346512,0.978696882724762,0.0,0.02492537535727024,0.0048228176310658455,-0.0046466332860291,1.0],"resolution":[720,540],"sequence":8,"timestamp":1701633363.566,"tracking":2,"trackingReason":0},{"exposure":0.0,"image":"frame_00000009.jpg","intrinsics":[549.0443115234375,549.0443115234375,356.9969787597656,274.0294189453125,0.0],"location":{"altitude":38.900001525878906,"altitudeAccuracy":22.448999404907227,"heading":277.59783935546875,"headingAccuracy":22.448999404907227,"headingTimestamp":1701633362.0,"latitude":40.68980407714844,"longitude":-73.98483276367188,"positionAccuracy":22.448999404907227,"positionSource":"corelocation","positionTimestamp":1701633362.0},"pose":[0.024590402841567993,0.004494833294302225,-0.006008231081068516,0.045356761664152145,-0.08593643456697464,-0.6975900530815125,0.7098772525787354],"pose4x4":[0.011966109275817871,-0.9982022047042847,0.05872778594493866,0.0,0.9826110601425171,0.02262181043624878,0.184292271733284,0.0,-0.18528948724269867,0.055501341819763184,0.9811154007911682,0.0,0.024590402841567993,0.004494833294302225,-0.006008231081068516,1.0],"resolution":[720,540],"sequence":9,"timestamp":1701633363.599,"tracking":2,"trackingReason":0},{"exposure":0.0,"image":"frame_00000010.jpg","intrinsics":[549.0443115234375,549.0443115234375,356.9969787597656,274.0294189453125,0.0],"location":{"altitude":38.900001525878906,"altitudeAccuracy":22.448999404907227,"heading":277.59783935546875,"headingAccuracy":22.448999404907227,"headingTimestamp":1701633362.0,"latitude":40.68980407714844,"longitude":-73.98483276367188,"positionAccuracy":22.448999404907227,"positionSource":"corelocation","positionTimestamp":1701633362.0},"pose":[0.02316228859126568,0.0036740172654390335,-0.008680243045091629,0.030461588874459267,-0.08081074059009552,-0.698418915271759,0.7104594111442566],"pose4x4":[0.011361300945281982,-0.9973198175430298,0.07227560132741928,0.0,0.9874733686447144,0.022566258907318115,0.15616294741630554,0.0,-0.15737539529800415,0.0695960521697998,0.9850834608078003,0.0,0.02316228859126568,0.0036740172654390335,-0.008680243045091629,1.0],"resolution":[720,540],"sequence":10,"timestamp":1701633363.666,"tracking":2,"trackingReason":0},{"exposure":0.0,"image":"frame_00000011.jpg","intrinsics":[549.0443115234375,549.0443115234375,356.9969787597656,274.0294189453125,0.0],"location":{"altitude":38.900001525878906,"altitudeAccuracy":22.448999404907227,"heading":277.59783935546875,"headingAccuracy":22.448999404907227,"headingTimestamp":1701633362.0,"latitude":40.68980407714844,"longitude":-73.98483276367188,"positionAccuracy":22.448999404907227,"positionSource":"corelocation","positionTimestamp":1701633362.0},"pose":[0.01802567020058632,0.0027809995226562023,-0.0025566588155925274,0.022628504782915115,-0.07616041600704193,-0.6981906890869141,0.7114891409873962],"pose4x4":[0.013458728790283203,-0.996957004070282,0.07677659392356873,0.0,0.9900633692741394,0.024035394191741943,0.1385488510131836,0.0,-0.13997264206409454,0.07414911687374115,0.9873750805854797,0.0,0.01802567020058632,0.0027809995226562023,-0.0025566588155925274,1.0],"resolution":[720,540],"sequence":11,"timestamp":1701633363.699,"tracking":2,"trackingReason":0},{"exposure":0.0,"image":"frame_00000012.jpg","intrinsics":[549.0443115234375,549.0443115234375,356.9969787597656,274.0294189453125,0.0],"location":{"altitude":38.900001525878906,"altitudeAccuracy":22.448999404907227,"heading":277.59783935546875,"headingAccuracy":22.448999404907227,"headingTimestamp":1701633362.0,"latitude":40.68980407714844,"longitude":-73.98483276367188,"positionAccuracy":22.448999404907227,"positionSource":"corelocation","positionTimestamp":1701633362.0},"pose":[0.014569126069545746,0.0012140776962041855,-0.006562027148902416,0.002560677472501993,-0.06325827538967133,-0.6998405456542969,0.7114877104759216],"pose4x4":[0.012443184852600098,-0.9961798191070557,0.08643084019422531,0.0,0.9955319166183472,0.02043330669403076,0.09218519181013107,0.0,-0.0935991033911705,0.08489762991666794,0.9919836521148682,0.0,0.014569126069545746,0.0012140776962041855,-0.006562027148902416,1.0],"resolution":[720,540],"sequence":12,"timestamp":1701633363.799,"tracking":2,"trackingReason":0},{"exposure":0.0,"image":"frame_00000013.jpg","intrinsics":[549.0443115234375,549.0443115234375,356.9969787597656,274.0294189453125,0.0],"location":{"altitude":38.900001525878906,"altitudeAccuracy":22.448999404907227,"heading":277.59783935546875,"headingAccuracy":22.448999404907227,"headingTimestamp":1701633362.0,"latitude":40.68980407714844,"longitude":-73.98483276367188,"positionAccuracy":22.448999404907227,"positionSource":"corelocation","positionTimestamp":1701633362.0},"pose":[0.01238502562046051,0.000507761724293232,-0.006823317147791386,-0.0044159721583127975,-0.05898910015821457,-0.7002460360527039,0.7114464044570923],"pose4x4":[0.012351512908935547,-0.9958540201187134,0.09011969715356827,0.0,0.9968960285186768,0.01927196979522705,0.07633031159639359,0.0,-0.07775063067674637,0.0888972207903862,0.9930015802383423,0.0,0.01238502562046051,0.000507761724293232,-0.006823317147791386,1.0],"resolution":[720,540],"sequence":13,"timestamp":1701633363.866,"tracking":2,"trackingReason":0},{"exposure":0.0,"image":"frame_00000014.jpg","intrinsics":[549.0443115234375,549.0443115234375,356.9969787597656,274.0294189453125,0.0],"location":{"altitude":38.900001525878906,"altitudeAccuracy":22.448999404907227,"heading":277.59783935546875,"headingAccuracy":22.448999404907227,"headingTimestamp":1701633362.0,"latitude":40.68980407714844,"longitude":-73.98483276367188,"positionAccuracy":22.448999404907227,"positionSource":"corelocation","positionTimestamp":1701633362.0},"pose":[0.009945196099579334,0.00017995666712522507,-0.00756083382293582,-0.011677883565425873,-0.056526295840740204,-0.7000864744186401,0.7117212414741516],"pose4x4":[0.013367414474487305,-0.9952126145362854,0.09681299328804016,0.0,0.9978531002998352,0.019485116004943848,0.06252379715442657,0.0,-0.06411087512969971,0.09576939046382904,0.9933367967605591,0.0,0.009945196099579334,0.00017995666712522507,-0.00756083382293582,1.0],"resolution":[720,540],"sequence":14,"timestamp":1701633363.932,"tracking":2,"trackingReason":0},{"exposure":0.0,"image":"frame_00000015.jpg","intrinsics":[549.0443115234375,549.0443115234375,356.9969787597656,274.0294189453125,0.0],"location":{"altitude":38.900001525878906,"altitudeAccuracy":22.448999404907227,"heading":277.59783935546875,"headingAccuracy":22.448999404907227,"headingTimestamp":1701633362.0,"latitude":40.68980407714844,"longitude":-73.98483276367188,"positionAccuracy":22.448999404907227,"positionSource":"corelocation","positionTimestamp":1701633362.0},"pose":[0.007438285276293755,-0.0004364228807389736,-0.007994354702532291,-0.019900113344192505,-0.05399828776717186,-0.6993952989578247,0.7124145030975342],"pose4x4":[0.015860795974731445,-0.9943695664405823,0.10477441549301147,0.0,0.9986678957939148,0.020900428295135498,0.04717803746461868,0.0,-0.04910223186016083,0.10388655215501785,0.9933763146400452,0.0,0.007438285276293755,-0.0004364228807389736,-0.007994354702532291,1.0],"resolution":[720,540],"sequence":15,"timestamp":1701633363.999,"tracking":2,"trackingReason":0},{"exposure":0.0,"image":"frame_00000016.jpg","intrinsics":[549.0443115234375,549.0443115234375,356.9969787597656,274.0294189453125,0.0],"location":{"altitude":38.900001525878906,"altitudeAccuracy":22.448999404907227,"heading":277.59783935546875,"headingAccuracy":22.448999404907227,"headingTimestamp":1701633362.0,"latitude":40.68980407714844,"longitude":-73.98483276367188,"positionAccuracy":22.448999404907227,"positionSource":"corelocation","positionTimestamp":1701633362.0},"pose":[0.004616685211658478,-0.001326785422861576,-0.010280869901180267,-0.029656939208507538,-0.049845095723867416,-0.6986574530601501,0.7131015658378601],"pose4x4":[0.018786489963531494,-0.9934709668159485,0.11252931505441666,0.0,0.9993839859962463,0.021996498107910156,0.027352474629878998,0.0,-0.029649145901203156,0.11194611340761185,0.9932718873023987,0.0,0.004616685211658478,-0.001326785422861576,-0.010280869901180267,1.0],"resolution":[720,540],"sequence":16,"timestamp":1701633364.065,"tracking":2,"trackingReason":0},{"exposure":0.0,"image":"frame_00000017.jpg","intrinsics":[549.0443115234375,549.0443115234375,356.9969787597656,274.0294189453125,0.0],"location":{"altitude":38.900001525878906,"altitudeAccuracy":22.448999404907227,"heading":277.59783935546875,"headingAccuracy":22.448999404907227,"headingTimestamp":1701633362.0,"latitude":40.68980407714844,"longitude":-73.98483276367188,"positionAccuracy":22.448999404907227,"positionSource":"corelocation","positionTimestamp":1701633362.0},"pose":[-0.00032793357968330383,-0.0025996193289756775,-0.012657706625759602,-0.045833244919776917,-0.04446141794323921,-0.6982174515724182,0.7130320072174072],"pose4x4":[0.02103114128112793,-0.9916271567344666,0.127407968044281,0.0,0.9997784495353699,0.020783424377441406,-0.0032736659049987793,0.0,0.0005983114242553711,0.12744861841201782,0.9918450117111206,0.0,-0.00032793357968330383,-0.0025996193289756775,-0.012657706625759602,1.0],"resolution":[720,540],"sequence":17,"timestamp":1701633364.165,"tracking":2,"trackingReason":0},{"exposure":0.0,"image":"frame_00000018.jpg","intrinsics":[549.0443115234375,549.0443115234375,356.9969787597656,274.0294189453125,0.0],"location":{"altitude":38.900001525878906,"altitudeAccuracy":22.448999404907227,"heading":277.59783935546875,"headingAccuracy":22.448999404907227,"headingTimestamp":1701633362.0,"latitude":40.68980407714844,"longitude":-73.98483276367188,"positionAccuracy":22.448999404907227,"positionSource":"corelocation","positionTimestamp":1701633362.0},"pose":[-0.0018858108669519424,-0.002820208203047514,-0.0129362428560853,-0.04995473101735115,-0.04181177541613579,-0.6981516480445862,0.7129799723625183],"pose4x4":[0.021672070026397705,-0.9913588762283325,0.12937387824058533,0.0,0.999713659286499,0.020177602767944336,-0.012851525098085403,0.0,0.010130040347576141,0.12961536645889282,0.9915125966072083,0.0,-0.0018858108669519424,-0.002820208203047514,-0.0129362428560853,1.0],"resolution":[720,540],"sequence":18,"timestamp":1701633364.199,"tracking":2,"trackingReason":0},{"exposure":0.0,"image":"frame_00000019.jpg","intrinsics":[549.0443115234375,549.0443115234375,356.9969787597656,274.0294189453125,0.0],"location":{"altitude":38.900001525878906,"altitudeAccuracy":22.448999404907227,"heading":277.59783935546875,"headingAccuracy":22.448999404907227,"headingTimestamp":1701633362.0,"latitude":40.68980407714844,"longitude":-73.98483276367188,"positionAccuracy":22.448999404907227,"positionSource":"corelocation","positionTimestamp":1701633362.0},"pose":[-0.0034374818205833435,-0.002990963403135538,-0.013002973049879074,-0.053272273391485214,-0.03902992978692055,-0.6980281472206116,0.7130184173583984],"pose4x4":[0.022466719150543213,-0.9912554025650024,0.13002920150756836,0.0,0.9995722770690918,0.019837558269500732,-0.021480239927768707,0.0,0.018712975084781647,0.13045620918273926,0.9912774562835693,0.0,-0.0034374818205833435,-0.002990963403135538,-0.013002973049879074,1.0],"resolution":[720,540],"sequence":19,"timestamp":1701633364.265,"tracking":2,"trackingReason":0},{"exposure":0.0,"image":"frame_00000020.jpg","intrinsics":[549.0443115234375,549.0443115234375,356.9969787597656,274.0294189453125,0.0],"location":{"altitude":38.900001525878906,"altitudeAccuracy":22.448999404907227,"heading":277.59783935546875,"headingAccuracy":22.448999404907227,"headingTimestamp":1701633362.0,"latitude":40.68980407714844,"longitude":-73.98483276367188,"positionAccuracy":22.448999404907227,"positionSource":"corelocation","positionTimestamp":1701633362.0},"pose":[-0.010371608659625053,-0.003346117213368416,-0.01585255190730095,-0.06447181850671768,-0.0287955142557621,-0.6955575942993164,0.7149924039840698],"pose4x4":[0.030740857124328613,-0.9909237623214722,0.13086487352848053,0.0,0.9983497858047485,0.02408599853515625,-0.05213584378361702,0.0,0.048510581254959106,0.13225160539150238,0.9900283813476563,0.0,-0.010371608659625053,-0.003346117213368416,-0.01585255190730095,1.0],"resolution":[720,540],"sequence":20,"timestamp":1701633364.365,"tracking":2,"trackingReason":0},{"exposure":0.0,"image":"frame_00000021.jpg","intrinsics":[549.0443115234375,549.0443115234375,356.9969787597656,274.0294189453125,0.0],"location":{"altitude":38.900001525878906,"altitudeAccuracy":22.448999404907227,"heading":277.59783935546875,"headingAccuracy":22.448999404907227,"headingTimestamp":1701633362.0,"latitude":40.68980407714844,"longitude":-73.98483276367188,"positionAccuracy":22.448999404907227,"positionSource":"corelocation","positionTimestamp":1701633362.0},"pose":[-0.012145370244979858,-0.003366689197719097,-0.015800829976797104,-0.06663056463003159,-0.02605096995830536,-0.6950109004974365,0.7154309153556824],"pose4x4":[0.03256237506866455,-0.9909930229187012,0.12989327311515808,0.0,0.9979361295700073,0.02504044771194458,-0.05912771821022034,0.0,0.055342596024274826,0.13155055046081543,0.9897634387016296,0.0,-0.012145370244979858,-0.003366689197719097,-0.015800829976797104,1.0],"resolution":[720,540],"sequence":21,"timestamp":1701633364.398,"tracking":2,"trackingReason":0},{"exposure":0.0,"image":"frame_00000022.jpg","intrinsics":[549.0443115234375,549.0443115234375,356.9969787597656,274.0294189453125,0.0],"location":{"altitude":38.900001525878906,"altitudeAccuracy":22.448999404907227,"heading":277.59783935546875,"headingAccuracy":22.448999404907227,"headingTimestamp":1701633362.0,"latitude":40.68980407714844,"longitude":-73.98483276367188,"positionAccuracy":22.448999404907227,"positionSource":"corelocation","positionTimestamp":1701633362.0},"pose":[-0.016054769977927208,-0.00016290275380015373,-0.014198231510818005,-0.07569827139377594,-0.01703040860593319,-0.6941403150558472,0.7156456708908081],"pose4x4":[0.035758376121520996,-0.9909387230873108,0.12946592271327972,0.0,0.9960953593254089,0.024877965450286865,-0.08470329642295837,0.0,0.08071497082710266,0.1319892704486847,0.9879594445228577,0.0,-0.016054769977927208,-0.00016290275380015373,-0.014198231510818005,1.0],"resolution":[720,540],"sequence":22,"timestamp":1701633364.498,"tracking":2,"trackingReason":0},{"exposure":0.0,"image":"frame_00000023.jpg","intrinsics":[549.0443115234375,549.0443115234375,356.9969787597656,274.0294189453125,0.0],"location":{"altitude":38.900001525878906,"altitudeAccuracy":22.448999404907227,"heading":277.59783935546875,"headingAccuracy":22.448999404907227,"headingTimestamp":1701633362.0,"latitude":40.68980407714844,"longitude":-73.98483276367188,"positionAccuracy":22.448999404907227,"positionSource":"corelocation","positionTimestamp":1701633362.0},"pose":[-0.01775401085615158,9.274575859308243e-06,-0.01426753494888544,-0.08028686791658401,-0.012932220473885536,-0.6941488981246948,0.7152231335639954],"pose4x4":[0.03598010540008545,-0.9908661246299744,0.12996092438697815,0.0,0.995019257068634,0.023422658443450928,-0.09689227491617203,0.0,0.09296323359012604,0.13279981911182404,0.9867735505104065,0.0,-0.01775401085615158,9.274575859308243e-06,-0.01426753494888544,1.0],"resolution":[720,540],"sequence":23,"timestamp":1701633364.532,"tracking":2,"trackingReason":0},{"exposure":0.0,"image":"frame_00000024.jpg","intrinsics":[549.0443115234375,549.0443115234375,356.9969787597656,274.0294189453125,0.0],"location":{"altitude":38.900001525878906,"altitudeAccuracy":22.448999404907227,"heading":277.59783935546875,"headingAccuracy":22.448999404907227,"headingTimestamp":1701633362.0,"latitude":40.68980407714844,"longitude":-73.98483276367188,"positionAccuracy":22.448999404907227,"positionSource":"corelocation","positionTimestamp":1701633362.0},"pose":[-0.01949336752295494,0.00021288776770234108,-0.014332136139273643,-0.08433657139539719,-0.00875789299607277,-0.6939390301704407,0.715023934841156],"pose4x4":[0.03674381971359253,-0.990888774394989,0.12957307696342468,0.0,0.9938432574272156,0.022671937942504883,-0.10845045000314713,0.0,0.10452467203140259,0.13276022672653198,0.9856212735176086,0.0,-0.01949336752295494,0.00021288776770234108,-0.014332136139273643,1.0],"resolution":[720,540],"sequence":24,"timestamp":1701633364.598,"tracking":2,"trackingReason":0},{"exposure":0.0,"image":"frame_00000025.jpg","intrinsics":[549.0443115234375,549.0443115234375,356.9969787597656,274.0294189453125,0.0],"location":{"altitude":38.900001525878906,"altitudeAccuracy":22.448999404907227,"heading":277.59783935546875,"headingAccuracy":22.448999404907227,"headingTimestamp":1701633362.0,"latitude":40.68980407714844,"longitude":-73.98483276367188,"positionAccuracy":22.448999404907227,"positionSource":"corelocation","positionTimestamp":1701633362.0},"pose":[-0.02458246611058712,0.0020205422770231962,-0.011851320043206215,-0.10110752284526825,0.010478345677256584,-0.6927138566970825,0.714013397693634],"pose4x4":[0.04007542133331299,-0.9913328289985657,0.12511380016803741,0.0,0.987095057964325,0.019849538803100586,-0.15890124440193176,0.0,0.15504051744937897,0.12986725568771362,0.9793349504470825,0.0,-0.02458246611058712,0.0020205422770231962,-0.011851320043206215,1.0],"resolution":[720,540],"sequence":25,"timestamp":1701633364.665,"tracking":2,"trackingReason":0},{"exposure":0.0,"image":"frame_00000026.jpg","intrinsics":[549.0443115234375,549.0443115234375,356.9969787597656,274.0294189453125,0.0],"location":{"altitude":38.900001525878906,"altitudeAccuracy":22.448999404907227,"heading":277.59783935546875,"headingAccuracy":22.448999404907227,"headingTimestamp":1701633362.0,"latitude":40.68980407714844,"longitude":-73.98483276367188,"positionAccuracy":22.448999404907227,"positionSource":"corelocation","positionTimestamp":1701633362.0},"pose":[-0.0313464030623436,0.002547451062127948,-0.012226161547005177,-0.12210157513618469,0.03118971548974514,-0.6897801756858826,0.7129668593406677],"pose4x4":[0.04646098613739014,-0.9911974668502808,0.12397202849388123,0.0,0.9759641885757446,0.018589019775390625,-0.21713685989379883,0.0,0.21292096376419067,0.13108065724372864,0.9682368040084839,0.0,-0.0313464030623436,0.002547451062127948,-0.012226161547005177,1.0],"resolution":[720,540],"sequence":26,"timestamp":1701633364.765,"tracking":2,"trackingReason":0},{"exposure":0.0,"image":"frame_00000027.jpg","intrinsics":[549.0443115234375,549.0443115234375,356.9969787597656,274.0294189453125,0.0],"location":{"altitude":38.900001525878906,"altitudeAccuracy":22.448999404907227,"heading":277.59783935546875,"headingAccuracy":22.448999404907227,"headingTimestamp":1701633362.0,"latitude":40.68980407714844,"longitude":-73.98483276367188,"positionAccuracy":22.448999404907227,"positionSource":"corelocation","positionTimestamp":1701633362.0},"pose":[-0.033410072326660156,0.0026705777272582054,-0.012338271364569664,-0.1275748312473297,0.03578835353255272,-0.6888577938079834,0.7126840353012085],"pose4x4":[0.04838824272155762,-0.9910072684288025,0.12475025653839111,0.0,0.9727445244789124,0.018399178981781006,-0.23114725947380066,0.0,0.22677341103553772,0.132534921169281,0.9648877382278442,0.0,-0.033410072326660156,0.0026705777272582054,-0.012338271364569664,1.0],"resolution":[720,540],"sequence":27,"timestamp":1701633364.831,"tracking":2,"trackingReason":0},{"exposure":0.0,"image":"frame_00000028.jpg","intrinsics":[549.0443115234375,549.0443115234375,356.9969787597656,274.0294189453125,0.0],"location":{"altitude":38.900001525878906,"altitudeAccuracy":22.448999404907227,"heading":277.59783935546875,"headingAccuracy":22.448999404907227,"headingTimestamp":1701633362.0,"latitude":40.68980407714844,"longitude":-73.98483276367188,"positionAccuracy":22.448999404907227,"positionSource":"corelocation","positionTimestamp":1701633362.0},"pose":[-0.037601277232170105,0.0055918386206030846,-0.009843243286013603,-0.13809095323085785,0.0522262267768383,-0.6860371828079224,0.7124301195144653],"pose4x4":[0.05325084924697876,-0.9919310808181763,0.11505597829818726,0.0,0.9630831480026245,0.020567774772644043,-0.2684185802936554,0.0,0.26388612389564514,0.12510204315185547,0.9564065933227539,0.0,-0.037601277232170105,0.0055918386206030846,-0.009843243286013603,1.0],"resolution":[720,540],"sequence":28,"timestamp":1701633364.898,"tracking":2,"trackingReason":0},{"exposure":0.0,"image":"frame_00000029.jpg","intrinsics":[549.0443115234375,549.0443115234375,356.9969787597656,274.0294189453125,0.0],"location":{"altitude":38.900001525878906,"altitudeAccuracy":22.448999404907227,"heading":277.59783935546875,"headingAccuracy":22.448999404907227,"headingTimestamp":1701633362.0,"latitude":40.68980407714844,"longitude":-73.98483276367188,"positionAccuracy":22.448999404907227,"positionSource":"corelocation","positionTimestamp":1701633362.0},"pose":[-0.040947817265987396,0.0068543897941708565,-0.009319260716438293,-0.14814774692058563,0.06575915962457657,-0.6847215890884399,0.710551917552948],"pose4x4":[0.05366414785385132,-0.9925446510314941,0.10942932963371277,0.0,0.9535763263702393,0.018417179584503174,-0.3005867600440979,0.0,0.2963305115699768,0.12047990411520004,0.9474559426307678,0.0,-0.040947817265987396,0.0068543897941708565,-0.009319260716438293,1.0],"resolution":[720,540],"sequence":29,"timestamp":1701633364.965,"tracking":2,"trackingReason":0},{"exposure":0.0,"image":"frame_00000030.jpg","intrinsics":[549.0443115234375,549.0443115234375,356.9969787597656,274.0294189453125,0.0],"location":{"altitude":38.900001525878906,"altitudeAccuracy":22.448999404907227,"heading":277.59783935546875,"headingAccuracy":22.448999404907227,"headingTimestamp":1701633362.0,"latitude":40.68980407714844,"longitude":-73.98483276367188,"positionAccuracy":22.448999404907227,"positionSource":"corelocation","positionTimestamp":1701633362.0},"pose":[-0.04318973422050476,0.006860939785838127,-0.014702870510518551,-0.15557922422885895,0.07568489760160446,-0.6821421980857849,0.7104571461677551],"pose4x4":[0.05790764093399048,-0.9928155541419983,0.10471254587173462,0.0,0.945715606212616,0.020954251289367676,-0.3243204653263092,0.0,0.31979605555534363,0.11780901998281479,0.940133810043335,0.0,-0.04318973422050476,0.006860939785838127,-0.014702870510518551,1.0],"resolution":[720,540],"sequence":30,"timestamp":1701633365.031,"tracking":2,"trackingReason":0},{"exposure":0.0,"image":"frame_00000031.jpg","intrinsics":[549.0443115234375,549.0443115234375,356.9969787597656,274.0294189453125,0.0],"location":{"altitude":38.900001525878906,"altitudeAccuracy":22.448999404907227,"heading":277.59783935546875,"headingAccuracy":22.448999404907227,"headingTimestamp":1701633362.0,"latitude":40.68980407714844,"longitude":-73.98483276367188,"positionAccuracy":22.448999404907227,"positionSource":"corelocation","positionTimestamp":1701633362.0},"pose":[-0.04563162475824356,0.008015075698494911,-0.014697805047035217,-0.16084818542003632,0.08337841182947159,-0.6805068850517273,0.7099901437759399],"pose4x4":[0.05991685390472412,-0.9931288957595825,0.10052089393138885,0.0,0.9394838809967041,0.02207648754119873,-0.3418804407119751,0.0,0.3373122811317444,0.11492209136486053,0.9343518018722534,0.0,-0.04563162475824356,0.008015075698494911,-0.014697805047035217,1.0],"resolution":[720,540],"sequence":31,"timestamp":1701633365.064,"tracking":2,"trackingReason":0},{"exposure":0.0,"image":"frame_00000032.jpg","intrinsics":[549.0443115234375,549.0443115234375,356.9969787597656,274.0294189453125,0.0],"location":{"altitude":38.900001525878906,"altitudeAccuracy":22.448999404907227,"heading":277.59783935546875,"headingAccuracy":22.448999404907227,"headingTimestamp":1701633362.0,"latitude":40.68980407714844,"longitude":-73.98483276367188,"positionAccuracy":22.448999404907227,"positionSource":"corelocation","positionTimestamp":1701633362.0},"pose":[-0.06678300350904465,0.010854766704142094,-0.01103316992521286,-0.17266692221164703,0.10017328709363937,-0.6755739450454712,0.7097541093826294],"pose4x4":[0.06713032722473145,-0.9935759902000427,0.0911017507314682,0.0,0.9243895411491394,0.02757197618484497,-0.3804510533809662,0.0,0.37549537420272827,0.10975319147109985,0.9203028678894043,0.0,-0.06678300350904465,0.010854766704142094,-0.01103316992521286,1.0],"resolution":[720,540],"sequence":32,"timestamp":1701633365.164,"tracking":2,"trackingReason":0},{"exposure":0.0,"image":"frame_00000033.jpg","intrinsics":[549.0443115234375,549.0443115234375,356.9969787597656,274.0294189453125,0.0],"location":{"altitude":38.900001525878906,"altitudeAccuracy":22.448999404907227,"heading":277.59783935546875,"headingAccuracy":22.448999404907227,"headingTimestamp":1701633362.0,"latitude":40.68980407714844,"longitude":-73.98483276367188,"positionAccuracy":22.448999404907227,"positionSource":"corelocation","positionTimestamp":1701633362.0},"pose":[-0.06314234435558319,0.01024683564901352,-0.007875949144363403,-0.1786358803510666,0.11776863038539886,-0.6722829937934875,0.7086995840072632],"pose4x4":[0.06833219528198242,-0.9949687719345093,0.07326257228851318,0.0,0.9108179807662964,0.0322495698928833,-0.4115460515022278,0.0,0.40711289644241333,0.09485065937042236,0.9084395170211792,0.0,-0.06314234435558319,0.01024683564901352,-0.007875949144363403,1.0],"resolution":[720,540],"sequence":33,"timestamp":1701633365.231,"tracking":2,"trackingReason":0},{"exposure":0.0,"image":"frame_00000034.jpg","intrinsics":[549.0443115234375,549.0443115234375,356.9969787597656,274.0294189453125,0.0],"location":{"altitude":38.900001525878906,"altitudeAccuracy":22.448999404907227,"heading":277.59783935546875,"headingAccuracy":22.448999404907227,"headingTimestamp":1701633362.0,"latitude":40.68980407714844,"longitude":-73.98483276367188,"positionAccuracy":22.448999404907227,"positionSource":"corelocation","positionTimestamp":1701633362.0},"pose":[-0.06320018321275711,0.013197523541748524,-0.0009532012045383453,-0.18379808962345123,0.1392175406217575,-0.6683602333068848,0.7071996927261353],"pose4x4":[0.06782615184783936,-0.9965041279792786,0.04877746105194092,0.0,0.8941524624824524,0.039025723934173584,-0.44605883955955505,0.0,0.44259586930274963,0.07386896014213562,0.8936734795570374,0.0,-0.06320018321275711,0.013197523541748524,-0.0009532012045383453,1.0],"resolution":[720,540],"sequence":34,"timestamp":1701633365.297,"tracking":2,"trackingReason":0},{"exposure":0.0,"image":"frame_00000035.jpg","intrinsics":[549.0443115234375,549.0443115234375,356.9969787597656,274.0294189453125,0.0],"location":{"altitude":38.900001525878906,"altitudeAccuracy":22.448999404907227,"heading":277.59783935546875,"headingAccuracy":22.448999404907227,"headingTimestamp":1701633362.0,"latitude":40.68980407714844,"longitude":-73.98483276367188,"positionAccuracy":22.448999404907227,"positionSource":"corelocation","positionTimestamp":1701633362.0},"pose":[-0.06556588411331177,0.014295749366283417,0.0014617517590522766,-0.18762913346290588,0.15149402618408203,-0.6660539507865906,0.7058448791503906],"pose4x4":[0.06684339046478271,-0.997110903263092,0.03607968986034393,0.0,0.8834121823310852,0.042334914207458496,-0.46668052673339844,0.0,0.46380484104156494,0.0630677342414856,0.8836897611618042,0.0,-0.06556588411331177,0.014295749366283417,0.0014617517590522766,1.0],"resolution":[720,540],"sequence":35,"timestamp":1701633365.331,"tracking":2,"trackingReason":0},{"exposure":0.0,"image":"frame_00000036.jpg","intrinsics":[549.0443115234375,549.0443115234375,356.9969787597656,274.0294189453125,0.0],"location":{"altitude":38.900001525878906,"altitudeAccuracy":22.448999404907227,"heading":277.59783935546875,"headingAccuracy":22.448999404907227,"headingTimestamp":1701633362.0,"latitude":40.68980407714844,"longitude":-73.98483276367188,"positionAccuracy":22.448999404907227,"positionSource":"corelocation","positionTimestamp":1701633362.0},"pose":[-0.06627039611339569,0.016427241265773773,0.006693542003631592,-0.19837716221809387,0.17242886126041412,-0.663719654083252,0.7002792358398438],"pose4x4":[0.05948901176452637,-0.997990071773529,0.02183695137500763,0.0,0.8611662983894348,0.04024547338485718,-0.5067276954650879,0.0,0.5048303604125977,0.04894997179508209,0.8618295788764954,0.0,-0.06627039611339569,0.016427241265773773,0.006693542003631592,1.0],"resolution":[720,540],"sequence":36,"timestamp":1701633365.397,"tracking":2,"trackingReason":0},{"exposure":0.0,"image":"frame_00000037.jpg","intrinsics":[549.0443115234375,549.0443115234375,356.9969787597656,274.0294189453125,0.0],"location":{"altitude":38.900001525878906,"altitudeAccuracy":22.448999404907227,"heading":277.59783935546875,"headingAccuracy":22.448999404907227,"headingTimestamp":1701633362.0,"latitude":40.68980407714844,"longitude":-73.98483276367188,"positionAccuracy":22.448999404907227,"positionSource":"corelocation","positionTimestamp":1701633362.0},"pose":[-0.07076141238212585,0.01885804906487465,0.011324729770421982,-0.20750513672828674,0.19788378477096558,-0.6583318710327148,0.6959761381149292],"pose4x4":[0.05488234758377075,-0.9984903335571289,-0.0022302865982055664,0.0,0.8342427015304565,0.047081589698791504,-0.5493836402893066,0.0,0.5486592650413513,0.02829083800315857,0.8355672359466553,0.0,-0.07076141238212585,0.01885804906487465,0.011324729770421982,1.0],"resolution":[720,540],"sequence":37,"timestamp":1701633365.464,"tracking":2,"trackingReason":0},{"exposure":0.0,"image":"frame_00000038.jpg","intrinsics":[549.0443115234375,549.0443115234375,356.9969787597656,274.0294189453125,0.0],"location":{"altitude":38.900001525878906,"altitudeAccuracy":22.448999404907227,"heading":277.59783935546875,"headingAccuracy":22.448999404907227,"headingTimestamp":1701633362.0,"latitude":40.68980407714844,"longitude":-73.98483276367188,"positionAccuracy":22.448999404907227,"positionSource":"corelocation","positionTimestamp":1701633362.0},"pose":[-0.07781821489334106,0.022395925596356392,0.014940980821847916,-0.22258901596069336,0.22682872414588928,-0.6541750431060791,0.686336100101471],"pose4x4":[0.04120749235153198,-0.998947024345398,-0.020137131214141846,0.0,0.7969887256622314,0.04501831531524658,-0.6023131608963013,0.0,0.6025858521461487,0.008770376443862915,0.7980057001113892,0.0,-0.07781821489334106,0.022395925596356392,0.014940980821847916,1.0],"resolution":[720,540],"sequence":38,"timestamp":1701633365.564,"tracking":2,"trackingReason":0},{"exposure":0.0,"image":"frame_00000039.jpg","intrinsics":[549.0443115234375,549.0443115234375,356.9969787597656,274.0294189453125,0.0],"location":{"altitude":38.900001525878906,"altitudeAccuracy":22.448999404907227,"heading":277.59783935546875,"headingAccuracy":22.448999404907227,"headingTimestamp":1701633362.0,"latitude":40.68980407714844,"longitude":-73.98483276367188,"positionAccuracy":22.448999404907227,"positionSource":"corelocation","positionTimestamp":1701633362.0},"pose":[-0.07771992683410645,0.02407006546854973,0.014973953366279602,-0.2264610379934311,0.23289631307125092,-0.6527884006500244,0.6843549609184265],"pose4x4":[0.039253175258636475,-0.998961865901947,-0.023105204105377197,0.0,0.787994086