{"app":"com.nianticlabs.ardksamples","autofocus":1,"captureGroup":{"sequence":0,"uuid":"018c3193-d692-7016-8046-4f610000ffff"},"coordinates":"opengl","depthSource":"none","duration":7.159,"formatVersion":"1","frameCount":108,"framerate":14.946221539321135,"frames":[{"exposure":0.0,"image":"frame_00000000.jpg","intrinsics":[549.0443115234375,549.0443115234375,356.9969787597656,274.0294189453125,0.0],"location":{"altitude":-3.9000000953674316,"altitudeAccuracy":9.619999885559082,"heading":35.485107421875,"headingAccuracy":9.619999885559082,"headingTimestamp":1701638820.0,"latitude":40.780738830566406,"longitude":-73.9726333618164,"positionAccuracy":9.619999885559082,"positionSource":"corelocation","positionTimestamp":1701638820.0},"pose":[-0.038590576499700546,0.03911690413951874,0.021833006292581558,0.03738441318273544,0.07496529072523117,-0.686137855052948,0.722632110118866],"pose4x4":[0.047190070152282715,-0.9860454797744751,-0.15964637696743011,0.0,0.9972555637359619,0.055634498596191406,-0.048842694610357285,0.0,0.0570429302752018,-0.15690340101718903,0.9859652519226074,0.0,-0.038590576499700546,0.03911690413951874,0.021833006292581558,1.0],"resolution":[720,540],"sequence":0,"timestamp":1701638821.0,"tracking":2,"trackingReason":0},{"exposure":0.0,"image":"frame_00000001.jpg","intrinsics":[549.0443115234375,549.0443115234375,356.9969787597656,274.0294189453125,0.0],"location":{"altitude":-3.9000000953674316,"altitudeAccuracy":9.619999885559082,"heading":35.485107421875,"headingAccuracy":9.619999885559082,"headingTimestamp":1701638820.0,"latitude":40.780738830566406,"longitude":-73.9726333618164,"positionAccuracy":9.619999885559082,"positionSource":"corelocation","positionTimestamp":1701638820.0},"pose":[-0.03928302973508835,0.03834063187241554,0.01918180286884308,0.03770752251148224,0.07030072808265686,-0.6857328414916992,0.7234682440757751],"pose4x4":[0.049656569957733154,-0.9869101643562317,-0.15343526005744934,0.0,0.9975135922431946,0.056697189807891846,-0.04185464605689049,0.0,0.050006117671728134,-0.15097542107105255,0.9872719049453735,0.0,-0.03928302973508835,0.03834063187241554,0.01918180286884308,1.0],"resolution":[720,540],"sequence":1,"timestamp":1701638821.1,"tracking":2,"trackingReason":0},{"exposure":0.0,"image":"frame_00000002.jpg","intrinsics":[549.0443115234375,549.0443115234375,356.9969787597656,274.0294189453125,0.0],"location":{"altitude":-3.9000000953674316,"altitudeAccuracy":9.619999885559082,"heading":35.485107421875,"headingAccuracy":9.619999885559082,"headingTimestamp":1701638820.0,"latitude":40.780738830566406,"longitude":-73.9726333618164,"positionAccuracy":9.619999885559082,"positionSource":"corelocation","positionTimestamp":1701638820.0},"pose":[-0.03952059894800186,0.0377994105219841,0.018395312130451202,0.040187712758779526,0.06876889616250992,-0.6861523389816284,0.7230837345123291],"pose4x4":[0.048931658267974854,-0.9867638945579529,-0.15460112690925598,0.0,0.9978185296058655,0.05515986680984497,-0.03625371307134628,0.0,0.044301554560661316,-0.1524900496006012,0.987311601638794,0.0,-0.03952059894800186,0.0377994105219841,0.018395312130451202,1.0],"resolution":[720,540],"sequence":2,"timestamp":1701638821.166,"tracking":2,"trackingReason":0},{"exposure":0.0,"image":"frame_00000003.jpg","intrinsics":[549.0443115234375,549.0443115234375,356.9969787597656,274.0294189453125,0.0],"location":{"altitude":-3.9000000953674316,"altitudeAccuracy":9.619999885559082,"heading":35.485107421875,"headingAccuracy":9.619999885559082,"headingTimestamp":1701638820.0,"latitude":40.780738830566406,"longitude":-73.9726333618164,"positionAccuracy":9.619999885559082,"positionSource":"corelocation","positionTimestamp":1701638820.0},"pose":[-0.0398988276720047,0.037419237196445465,0.01771588809788227,0.042816825211048126,0.06713063269853592,-0.6861093044281006,0.7231276631355286],"pose4x4":[0.04949498176574707,-0.9865406155586243,-0.15584208071231842,0.0,0.9980378746986389,0.054841458797454834,-0.030193842947483063,0.0,0.03833398595452309,-0.15404197573661804,0.9873204231262207,0.0,-0.0398988276720047,0.037419237196445465,0.01771588809788227,1.0],"resolution":[720,540],"sequence":3,"timestamp":1701638821.233,"tracking":2,"trackingReason":0},{"exposure":0.0,"image":"frame_00000004.jpg","intrinsics":[549.0443115234375,549.0443115234375,356.9969787597656,274.0294189453125,0.0],"location":{"altitude":-3.9000000953674316,"altitudeAccuracy":9.619999885559082,"heading":35.485107421875,"headingAccuracy":9.619999885559082,"headingTimestamp":1701638820.0,"latitude":40.780738830566406,"longitude":-73.9726333618164,"positionAccuracy":9.619999885559082,"positionSource":"corelocation","positionTimestamp":1701638820.0},"pose":[-0.03973434120416641,0.03753306344151497,0.016610486432909966,0.043557196855545044,0.06678919494152069,-0.6860615611076355,0.7231607437133789],"pose4x4":[0.04971742630004883,-0.986447274684906,-0.15636448562145233,0.0,0.9980838894844055,0.05484461784362793,-0.028645291924476624,0.0,0.03683280944824219,-0.15464070439338684,0.9872839450836182,0.0,-0.03973434120416641,0.03753306344151497,0.016610486432909966,1.0],"resolution":[720,540],"sequence":4,"timestamp":1701638821.266,"tracking":2,"trackingReason":0},{"exposure":0.0,"image":"frame_00000005.jpg","intrinsics":[549.0443115234375,549.0443115234375,356.9969787597656,274.0294189453125,0.0],"location":{"altitude":-3.9000000953674316,"altitudeAccuracy":9.619999885559082,"heading":35.485107421875,"headingAccuracy":9.619999885559082,"headingTimestamp":1701638820.0,"latitude":40.780738830566406,"longitude":-73.9726333618164,"positionAccuracy":9.619999885559082,"positionSource":"corelocation","positionTimestamp":1701638820.0},"pose":[-0.04226745292544365,0.040897876024246216,0.011694766581058502,0.04576707258820534,0.0634794756770134,-0.6855449080467224,0.723811686038971],"pose4x4":[0.05199706554412842,-0.9866002798080444,-0.1546451449394226,0.0,0.9982213973999023,0.05586707592010498,-0.020782582461833954,0.0,0.02914360910654068,-0.1532895565032959,0.9877514839172363,0.0,-0.04226745292544365,0.040897876024246216,0.011694766581058502,1.0],"resolution":[720,540],"sequence":5,"timestamp":1701638821.333,"tracking":2,"trackingReason":0},{"exposure":0.0,"image":"frame_00000006.jpg","intrinsics":[549.0443115234375,549.0443115234375,356.9969787597656,274.0294189453125,0.0],"location":{"altitude":-3.9000000953674316,"altitudeAccuracy":9.619999885559082,"heading":35.485107421875,"headingAccuracy":9.619999885559082,"headingTimestamp":1701638820.0,"latitude":40.780738830566406,"longitude":-73.9726333618164,"positionAccuracy":9.619999885559082,"positionSource":"corelocation","positionTimestamp":1701638820.0},"pose":[-0.04122466966509819,0.04096532613039017,0.010996414348483086,0.050766319036483765,0.060341909527778625,-0.6841221451759338,0.725091814994812],"pose4x4":[0.05667144060134888,-0.9859760403633118,-0.15696758031845093,0.0,0.998229444026947,0.05879932641983032,-0.008941993117332458,0.0,0.018046125769615173,-0.15618295967578888,0.9875632524490356,0.0,-0.04122466966509819,0.04096532613039017,0.010996414348483086,1.0],"resolution":[720,540],"sequence":6,"timestamp":1701638821.433,"tracking":2,"trackingReason":0},{"exposure":0.0,"image":"frame_00000007.jpg","intrinsics":[549.0443115234375,549.0443115234375,356.9969787597656,274.0294189453125,0.0],"location":{"altitude":-3.9000000953674316,"altitudeAccuracy":9.619999885559082,"heading":35.485107421875,"headingAccuracy":9.619999885559082,"headingTimestamp":1701638820.0,"latitude":40.780738830566406,"longitude":-73.9726333618164,"positionAccuracy":9.619999885559082,"positionSource":"corelocation","positionTimestamp":1701638820.0},"pose":[-0.04076303169131279,0.04169866815209389,0.010439911857247353,0.05371888726949692,0.05954868346452713,-0.6837329268455505,0.7253118753433228],"pose4x4":[0.0579264760017395,-0.9854414463043213,-0.15984147787094116,0.0,0.9982370138168335,0.05924713611602783,-0.0035049021244049072,0.0,0.012923985719680786,-0.15935668349266052,0.9871364831924438,0.0,-0.04076303169131279,0.04169866815209389,0.010439911857247353,1.0],"resolution":[720,540],"sequence":7,"timestamp":1701638821.499,"tracking":2,"trackingReason":0},{"exposure":0.0,"image":"frame_00000008.jpg","intrinsics":[549.0443115234375,549.0443115234375,356.9969787597656,274.0294189453125,0.0],"location":{"altitude":-3.9000000953674316,"altitudeAccuracy":9.619999885559082,"heading":35.485107421875,"headingAccuracy":9.619999885559082,"headingTimestamp":1701638820.0,"latitude":40.780738830566406,"longitude":-73.9726333618164,"positionAccuracy":9.619999885559082,"positionSource":"corelocation","positionTimestamp":1701638820.0},"pose":[-0.039139799773693085,0.04360964894294739,0.010224072262644768,0.06207449734210968,0.05798771232366562,-0.6825705766677856,0.7258660197257996],"pose4x4":[0.0614696741104126,-0.9837104678153992,-0.16892307996749878,0.0,0.9981086850166321,0.060488343238830566,0.010954126715660095,0.0,-0.0005578324198722839,-0.16927695274353027,0.9855683445930481,0.0,-0.039139799773693085,0.04360964894294739,0.010224072262644768,1.0],"resolution":[720,540],"sequence":8,"timestamp":1701638821.533,"tracking":2,"trackingReason":0},{"exposure":0.0,"image":"frame_00000009.jpg","intrinsics":[549.0443115234375,549.0443115234375,356.9969787597656,274.0294189453125,0.0],"location":{"altitude":-3.9000000953674316,"altitudeAccuracy":9.619999885559082,"heading":35.485107421875,"headingAccuracy":9.619999885559082,"headingTimestamp":1701638820.0,"latitude":40.780738830566406,"longitude":-73.9726333618164,"positionAccuracy":9.619999885559082,"positionSource":"corelocation","positionTimestamp":1701638820.0},"pose":[-0.034842945635318756,0.044020939618349075,0.014545328915119171,0.07132019102573395,0.054496873170137405,-0.6810398101806641,0.7267244458198547],"pose4x4":[0.0664297342300415,-0.9820830821990967,-0.17635220289230347,0.0,0.9976300001144409,0.062196433544158936,0.029431171715259552,0.0,-0.017935357987880707,-0.17788934707641602,0.9838870167732239,0.0,-0.034842945635318756,0.044020939618349075,0.014545328915119171,1.0],"resolution":[720,540],"sequence":9,"timestamp":1701638821.599,"tracking":2,"trackingReason":0},{"exposure":0.0,"image":"frame_00000010.jpg","intrinsics":[549.0443115234375,549.0443115234375,356.9969787597656,274.0294189453125,0.0],"location":{"altitude":-3.9000000953674316,"altitudeAccuracy":9.619999885559082,"heading":35.485107421875,"headingAccuracy":9.619999885559082,"headingTimestamp":1701638820.0,"latitude":40.780738830566406,"longitude":-73.9726333618164,"positionAccuracy":9.619999885559082,"positionSource":"corelocation","positionTimestamp":1701638820.0},"pose":[-0.0308685265481472,0.04515494406223297,0.014955123886466026,0.08121156692504883,0.05362759530544281,-0.6780303716659546,0.7285627126693726],"pose4x4":[0.07479780912399292,-0.9792649149894714,-0.1882699429988861,0.0,0.9966856837272644,0.06735903024673462,0.045613162219524384,0.0,-0.031985677778720856,-0.1910577118396759,0.9810575246810913,0.0,-0.0308685265481472,0.04515494406223297,0.014955123886466026,1.0],"resolution":[720,540],"sequence":10,"timestamp":1701638821.666,"tracking":2,"trackingReason":0},{"exposure":0.0,"image":"frame_00000011.jpg","intrinsics":[549.0443115234375,549.0443115234375,356.9969787597656,274.0294189453125,0.0],"location":{"altitude":-3.9000000953674316,"altitudeAccuracy":9.619999885559082,"heading":35.485107421875,"headingAccuracy":9.619999885559082,"headingTimestamp":1701638820.0,"latitude":40.780738830566406,"longitude":-73.9726333618164,"positionAccuracy":9.619999885559082,"positionSource":"corelocation","positionTimestamp":1701638820.0},"pose":[-0.02875334769487381,0.04961170628666878,0.015935461968183517,0.09158673137426376,0.05020320042967796,-0.6741271018981934,0.7311936020851135],"pose4x4":[0.08606457710266113,-0.976638913154602,-0.1968987137079239,0.0,0.9950307607650757,0.07432901859283447,0.0662485808134079,0.0,-0.05006568133831024,-0.20162193477153778,0.9781830310821533,0.0,-0.02875334769487381,0.04961170628666878,0.015935461968183517,1.0],"resolution":[720,540],"sequence":11,"timestamp":1701638821.732,"tracking":2,"trackingReason":0},{"exposure":0.0,"image":"frame_00000012.jpg","intrinsics":[549.0443115234375,549.0443115234375,356.9969787597656,274.0294189453125,0.0],"location":{"altitude":-3.9000000953674316,"altitudeAccuracy":9.619999885559082,"heading":35.485107421875,"headingAccuracy":9.619999885559082,"headingTimestamp":1701638820.0,"latitude":40.780738830566406,"longitude":-73.9726333618164,"positionAccuracy":9.619999885559082,"positionSource":"corelocation","positionTimestamp":1701638820.0},"pose":[-0.026305826380848885,0.05415482074022293,0.017339985817670822,0.10284994542598724,0.04859168082475662,-0.669432520866394,0.7341124415397644],"pose4x4":[0.09899789094924927,-0.9728822112083435,-0.20904570817947388,0.0,0.9928727746009827,0.08256399631500244,0.08594914525747299,0.0,-0.06635868549346924,-0.21606454253196716,0.9741214513778687,0.0,-0.026305826380848885,0.05415482074022293,0.017339985817670822,1.0],"resolution":[720,540],"sequence":12,"timestamp":1701638821.799,"tracking":2,"trackingReason":0},{"exposure":0.0,"image":"frame_00000013.jpg","intrinsics":[549.0443115234375,549.0443115234375,356.9969787597656,274.0294189453125,0.0],"location":{"altitude":-3.9000000953674316,"altitudeAccuracy":9.619999885559082,"heading":35.485107421875,"headingAccuracy":9.619999885559082,"headingTimestamp":1701638820.0,"latitude":40.780738830566406,"longitude":-73.9726333618164,"positionAccuracy":9.619999885559082,"positionSource":"corelocation","positionTimestamp":1701638820.0},"pose":[-0.0252658911049366,0.056439679116010666,0.018521640449762344,0.1087661013007164,0.04665615037083626,-0.6670248508453369,0.7355756163597107],"pose4x4":[0.10580211877822876,-0.9711452126502991,-0.2137376368045807,0.0,0.9914436936378479,0.08649557828903198,0.09776975214481354,0.0,-0.07646113634109497,-0.2222530096769333,0.9719862937927246,0.0,-0.0252658911049366,0.056439679116010666,0.018521640449762344,1.0],"resolution":[720,540],"sequence":13,"timestamp":1701638821.865,"tracking":2,"trackingReason":0},{"exposure":0.0,"image":"frame_00000014.jpg","intrinsics":[549.0443115234375,549.0443115234375,356.9969787597656,274.0294189453125,0.0],"location":{"altitude":-3.9000000953674316,"altitudeAccuracy":9.619999885559082,"heading":35.485107421875,"headingAccuracy":9.619999885559082,"headingTimestamp":1701638820.0,"latitude":40.780738830566406,"longitude":-73.9726333618164,"positionAccuracy":9.619999885559082,"positionSource":"corelocation","positionTimestamp":1701638820.0},"pose":[-0.020888887345790863,0.061611030250787735,0.02251245826482773,0.1272573471069336,0.04011301323771477,-0.6610082387924194,0.7384199500083923],"pose4x4":[0.12291812896728516,-0.9659940004348755,-0.2274768054485321,0.0,0.9864126443862915,0.09374737739562988,0.13490867614746094,0.0,-0.10899581760168076,-0.24096879363059998,0.9643930196762085,0.0,-0.020888887345790863,0.061611030250787735,0.02251245826482773,1.0],"resolution":[720,540],"sequence":14,"timestamp":1701638821.932,"tracking":2,"trackingReason":0},{"exposure":0.0,"image":"frame_00000015.jpg","intrinsics":[549.0443115234375,549.0443115234375,356.9969787597656,274.0294189453125,0.0],"location":{"altitude":-3.9000000953674316,"altitudeAccuracy":9.619999885559082,"heading":35.485107421875,"headingAccuracy":9.619999885559082,"headingTimestamp":1701638820.0,"latitude":40.780738830566406,"longitude":-73.9726333618164,"positionAccuracy":9.619999885559082,"positionSource":"corelocation","positionTimestamp":1701638820.0},"pose":[-0.017188115045428276,0.06338094174861908,0.026490580290555954,0.14425994455814362,0.03184303268790245,-0.6560220122337341,0.7401421070098877],"pose4x4":[0.13724231719970703,-0.961911678314209,-0.2364121377468109,0.0,0.9802863597869873,0.09764838218688965,0.1717662662267685,0.0,-0.14213865995407104,-0.25532519817352295,0.9563502073287964,0.0,-0.017188115045428276,0.06338094174861908,0.026490580290555954,1.0],"resolution":[720,540],"sequence":15,"timestamp":1701638821.999,"tracking":2,"trackingReason":0},{"exposure":0.0,"image":"frame_00000016.jpg","intrinsics":[549.0443115234375,549.0443115234375,356.9969787597656,274.0294189453125,0.0],"location":{"altitude":-3.9000000953674316,"altitudeAccuracy":9.619999885559082,"heading":35.485107421875,"headingAccuracy":9.619999885559082,"headingTimestamp":1701638820.0,"latitude":40.780738830566406,"longitude":-73.9726333618164,"positionAccuracy":9.619999885559082,"positionSource":"corelocation","positionTimestamp":1701638820.0},"pose":[-0.015212995931506157,0.06469651311635971,0.029112478718161583,0.15197032690048218,0.029457146301865578,-0.653732180595398,0.7407234907150269],"pose4x4":[0.14353305101394653,-0.9595163464546204,-0.2423349916934967,0.0,0.9774227738380432,0.09907853603363037,0.18662181496620178,0.0,-0.15505659580230713,-0.26365014910697937,0.9520745873451233,0.0,-0.015212995931506157,0.06469651311635971,0.029112478718161583,1.0],"resolution":[720,540],"sequence":16,"timestamp":1701638822.065,"tracking":2,"trackingReason":0},{"exposure":0.0,"image":"frame_00000017.jpg","intrinsics":[549.0443115234375,549.0443115234375,356.9969787597656,274.0294189453125,0.0],"location":{"altitude":-3.9000000953674316,"altitudeAccuracy":9.619999885559082,"heading":35.485107421875,"headingAccuracy":9.619999885559082,"headingTimestamp":1701638820.0,"latitude":40.780738830566406,"longitude":-73.9726333618164,"positionAccuracy":9.619999885559082,"positionSource":"corelocation","positionTimestamp":1701638820.0},"pose":[-0.008502881973981857,0.06865332275629044,0.03819100186228752,0.17891007661819458,0.01077208947390318,-0.6448485255241394,0.7429976463317871],"pose4x4":[0.16810864210128784,-0.9543874263763428,-0.24674707651138306,0.0,0.9620963335037231,0.10432308912277222,0.25196680426597595,0.0,-0.21473252773284912,-0.27975228428840637,0.9357503056526184,0.0,-0.008502881973981857,0.06865332275629044,0.03819100186228752,1.0],"resolution":[720,540],"sequence":17,"timestamp":1701638822.132,"tracking":2,"trackingReason":0},{"exposure":0.0,"image":"frame_00000018.jpg","intrinsics":[549.0443115234375,549.0443115234375,356.9969787597656,274.0294189453125,0.0],"location":{"altitude":-3.9000000953674316,"altitudeAccuracy":9.619999885559082,"heading":35.485107421875,"headingAccuracy":9.619999885559082,"headingTimestamp":1701638820.0,"latitude":40.780738830566406,"longitude":-73.9726333618164,"positionAccuracy":9.619999885559082,"positionSource":"corelocation","positionTimestamp":1701638820.0},"pose":[-0.0017759446054697037,0.07128874212503433,0.04352545365691185,0.19620104134082794,-0.0017889346927404404,-0.6398720741271973,0.7430111765861511],"pose4x4":[0.18112105131149292,-0.9515661597251892,-0.24842873215675354,0.0,0.9501622319221497,0.10413771867752075,0.29384851455688477,0.0,-0.25374552607536316,-0.28926974534988403,0.9230039119720459,0.0,-0.0017759446054697037,0.07128874212503433,0.04352545365691185,1.0],"resolution":[720,540],"sequence":18,"timestamp":1701638822.199,"tracking":2,"trackingReason":0},{"exposure":0.0,"image":"frame_00000019.jpg","intrinsics":[549.0443115234375,549.0443115234375,356.9969787597656,274.0294189453125,0.0],"location":{"altitude":-3.9000000953674316,"altitudeAccuracy":9.619999885559082,"heading":35.485107421875,"headingAccuracy":9.619999885559082,"headingTimestamp":1701638820.0,"latitude":40.780738830566406,"longitude":-73.9726333618164,"positionAccuracy":9.619999885559082,"positionSource":"corelocation","positionTimestamp":1701638820.0},"pose":[0.0038332566618919373,0.07271496206521988,0.050568655133247375,0.2133791744709015,-0.016715271398425102,-0.6350656747817993,0.742213785648346],"pose4x4":[0.1928243637084961,-0.9498423337936401,-0.24620696902275085,0.0,0.9355756044387817,0.1023218035697937,0.33797651529312134,0.0,-0.29583218693733215,-0.29551535844802856,0.908379852771759,0.0,0.0038332566618919373,0.07271496206521988,0.050568655133247375,1.0],"resolution":[720,540],"sequence":19,"timestamp":1701638822.265,"tracking":2,"trackingReason":0},{"exposure":0.0,"image":"frame_00000020.jpg","intrinsics":[549.0443115234375,549.0443115234375,356.9969787597656,274.0294189453125,0.0],"location":{"altitude":-3.9000000953674316,"altitudeAccuracy":9.619999885559082,"heading":35.485107421875,"headingAccuracy":9.619999885559082,"headingTimestamp":1701638820.0,"latitude":40.780738830566406,"longitude":-73.9726333618164,"positionAccuracy":9.619999885559082,"positionSource":"corelocation","positionTimestamp":1701638820.0},"pose":[0.008308676071465015,0.07421151548624039,0.05243979021906853,0.22153934836387634,-0.02477644942700863,-0.6327412128448486,0.7415827512741089],"pose4x4":[0.1980493664741516,-0.9494378566741943,-0.2436065673828125,0.0,0.927482008934021,0.10111773014068604,0.35993367433547974,0.0,-0.31710171699523926,-0.29722535610198975,0.9006128907203674,0.0,0.008308676071465015,0.07421151548624039,0.05243979021906853,1.0],"resolution":[720,540],"sequence":20,"timestamp":1701638822.332,"tracking":2,"trackingReason":0},{"exposure":0.0,"image":"frame_00000021.jpg","intrinsics":[549.0443115234375,549.0443115234375,356.9969787597656,274.0294189453125,0.0],"location":{"altitude":-3.9000000953674316,"altitudeAccuracy":9.619999885559082,"heading":35.485107421875,"headingAccuracy":9.619999885559082,"headingTimestamp":1701638820.0,"latitude":40.780738830566406,"longitude":-73.9726333618164,"positionAccuracy":9.619999885559082,"positionSource":"corelocation","positionTimestamp":1701638820.0},"pose":[0.02145833894610405,0.07464813441038132,0.06177716702222824,0.24808940291404724,-0.06070832163095474,-0.6257792711257935,0.7369982600212097],"pose4x4":[0.20942962169647217,-0.9525186419487,-0.22101455926895142,0.0,0.8922743201255798,0.09370392560958862,0.4416629374027252,0.0,-0.3999822735786438,-0.2897029221057892,0.8695322871208191,0.0,0.02145833894610405,0.07464813441038132,0.06177716702222824,1.0],"resolution":[720,540],"sequence":21,"timestamp":1701638822.432,"tracking":2,"trackingReason":0},{"exposure":0.0,"image":"frame_00000022.jpg","intrinsics":[549.0443115234375,549.0443115234375,356.9969787597656,274.0294189453125,0.0],"location":{"altitude":-3.9000000953674316,"altitudeAccuracy":9.619999885559082,"heading":35.485107421875,"headingAccuracy":9.619999885559082,"headingTimestamp":1701638820.0,"latitude":40.780738830566406,"longitude":-73.9726333618164,"positionAccuracy":9.619999885559082,"positionSource":"corelocation","positionTimestamp":1701638820.0},"pose":[0.024380099028348923,0.0746377483010292,0.06448874622583389,0.253761351108551,-0.06803411990404129,-0.6238441467285156,0.7360671162605286],"pose4x4":[0.21237969398498535,-0.9529111981391907,-0.216459721326828,0.0,0.8838534951210022,0.09284728765487671,0.4584561586380005,0.0,-0.41677042841911316,-0.2886853814125061,0.86195307970047,0.0,0.024380099028348923,0.0746377483010292,0.06448874622583389,1.0],"resolution":[720,540],"sequence":22,"timestamp":1701638822.465,"tracking":2,"trackingReason":0},{"exposure":0.0,"image":"frame_00000023.jpg","intrinsics":[549.0443115234375,549.0443115234375,356.9969787597656,274.0294189453125,0.0],"location":{"altitude":-3.9000000953674316,"altitudeAccuracy":9.619999885559082,"heading":35.485107421875,"headingAccuracy":9.619999885559082,"headingTimestamp":1701638820.0,"latitude":40.780738830566406,"longitude":-73.9726333618164,"positionAccuracy":9.619999885559082,"positionSource":"corelocation","positionTimestamp":1701638820.0},"pose":[0.019970020279288292,0.0736350491642952,0.06644043326377869,0.25898170471191406,-0.07670842856168747,-0.621547520160675,0.7353386878967285],"pose4x4":[0.21558904647827148,-0.9538280367851257,-0.20912551879882813,0.0,0.8743637204170227,0.09321433305740356,0.47623440623283386,0.0,-0.4347522258758545,-0.2855226695537567,0.8540886044502258,0.0,0.019970020279288292,0.0736350491642952,0.06644043326377869,1.0],"resolution":[720,540],"sequence":23,"timestamp":1701638822.532,"tracking":2,"trackingReason":0},{"exposure":0.0,"image":"frame_00000024.jpg","intrinsics":[549.0443115234375,549.0443115234375,356.9969787597656,274.0294189453125,0.0],"location":{"altitude":-3.9000000953674316,"altitudeAccuracy":9.619999885559082,"heading":35.485107421875,"headingAccuracy":9.619999885559082,"headingTimestamp":1701638820.0,"latitude":40.780738830566406,"longitude":-73.9726333618164,"positionAccuracy":9.619999885559082,"positionSource":"corelocation","positionTimestamp":1701638820.0},"pose":[0.023923488333821297,0.07233642041683197,0.06959351152181625,0.2742560803890228,-0.10393576323986053,-0.6145026087760925,0.7323710322380066],"pose4x4":[0.2231677770614624,-0.9570978879928589,-0.18482306599617004,0.0,0.8430777788162231,0.09434032440185547,0.5294520258903503,0.0,-0.48930123448371887,-0.27397680282592773,0.8279619216918945,0.0,0.023923488333821297,0.07233642041683197,0.06959351152181625,1.0],"resolution":[720,540],"sequence":24,"timestamp":1701638822.598,"tracking":2,"trackingReason":0},{"exposure":0.0,"image":"frame_00000025.jpg","intrinsics":[549.0443115234375,549.0443115234375,356.9969787597656,274.0294189453125,0.0],"location":{"altitude":-3.9000000953674316,"altitudeAccuracy":9.619999885559082,"heading":35.485107421875,"headingAccuracy":9.619999885559082,"headingTimestamp":1701638820.0,"latitude":40.780738830566406,"longitude":-73.9726333618164,"positionAccuracy":9.619999885559082,"positionSource":"corelocation","positionTimestamp":1701638820.0},"pose":[0.025732699781656265,0.07202121615409851,0.07204155623912811,0.2799065113067627,-0.1134473979473114,-0.612250566482544,0.730705738067627],"pose4x4":[0.22455787658691406,-0.9582593441009521,-0.1769525110721588,0.0,0.8312406539916992,0.09360319375991821,0.5479750633239746,0.0,-0.5085391998291016,-0.270142138004303,0.817564070224762,0.0,0.025732699781656265,0.07202121615409851,0.07204155623912811,1.0],"resolution":[720,540],"sequence":25,"timestamp":1701638822.665,"tracking":2,"trackingReason":0},{"exposure":0.0,"image":"frame_00000026.jpg","intrinsics":[549.0443115234375,549.0443115234375,356.9969787597656,274.0294189453125,0.0],"location":{"altitude":-3.9000000953674316,"altitudeAccuracy":9.619999885559082,"heading":35.485107421875,"headingAccuracy":9.619999885559082,"headingTimestamp":1701638820.0,"latitude":40.780738830566406,"longitude":-73.9726333618164,"positionAccuracy":9.619999885559082,"positionSource":"corelocation","positionTimestamp":1701638820.0},"pose":[0.031256355345249176,0.07409634441137314,0.07945099472999573,0.2915773093700409,-0.13829593360424042,-0.6082295775413513,0.7251989841461182],"pose4x4":[0.22186201810836792,-0.9628229141235352,-0.15410774946212769,0.0,0.8015270233154297,0.09007889032363892,0.5911344885826111,0.0,-0.5552760362625122,-0.2546718120574951,0.7917138338088989,0.0,0.031256355345249176,0.07409634441137314,0.07945099472999573,1.0],"resolution":[720,540],"sequence":26,"timestamp":1701638822.731,"tracking":2,"trackingReason":0},{"exposure":0.0,"image":"frame_00000027.jpg","intrinsics":[549.0443115234375,549.0443115234375,356.9969787597656,274.0294189453125,0.0],"location":{"altitude":-3.9000000953674316,"altitudeAccuracy":9.619999885559082,"heading":35.485107421875,"headingAccuracy":9.619999885559082,"headingTimestamp":1701638820.0,"latitude":40.780738830566406,"longitude":-73.9726333618164,"positionAccuracy":9.619999885559082,"positionSource":"corelocation","positionTimestamp":1701638820.0},"pose":[0.033049292862415314,0.07391870021820068,0.08189526945352554,0.29421934485435486,-0.14403292536735535,-0.6073854565620422,0.7237211465835571],"pose4x4":[0.2206748127937317,-0.963909924030304,-0.14892974495887756,0.0,0.7944008708000183,0.0890357494354248,0.6008325219154358,0.0,-0.5658884048461914,-0.250898540019989,0.7853789925575256,0.0,0.033049292862415314,0.07391870021820068,0.08189526945352554,1.0],"resolution":[720,540],"sequence":27,"timestamp":1701638822.798,"tracking":2,"trackingReason":0},{"exposure":0.0,"image":"frame_00000028.jpg","intrinsics":[549.0443115234375,549.0443115234375,356.9969787597656,274.0294189453125,0.0],"location":{"altitude":-3.9000000953674316,"altitudeAccuracy":9.619999885559082,"heading":35.485107421875,"headingAccuracy":9.619999885559082,"headingTimestamp":1701638820.0,"latitude":40.780738830566406,"longitude":-73.9726333618164,"positionAccuracy":9.619999885559082,"positionSource":"corelocation","positionTimestamp":1701638820.0},"pose":[0.03587573021650314,0.07387559860944748,0.08633514493703842,0.30027779936790466,-0.16198521852493286,-0.604276716709137,0.7200303673744202],"pose4x4":[0.21722084283828735,-0.9674762487411499,-0.12963321805000305,0.0,0.7729140520095825,0.08936578035354614,0.628186047077179,0.0,-0.5961703062057495,-0.2366504669189453,0.7671880722045898,0.0,0.03587573021650314,0.07387559860944748,0.08633514493703842,1.0],"resolution":[720,540],"sequence":28,"timestamp":1701638822.831,"tracking":2,"trackingReason":0},{"exposure":0.0,"image":"frame_00000029.jpg","intrinsics":[549.0443115234375,549.0443115234375,356.9969787597656,274.0294189453125,0.0],"location":{"altitude":-3.9000000953674316,"altitudeAccuracy":9.619999885559082,"heading":35.485107421875,"headingAccuracy":9.619999885559082,"headingTimestamp":1701638820.0,"latitude":40.780738830566406,"longitude":-73.9726333618164,"positionAccuracy":9.619999885559082,"positionSource":"corelocation","positionTimestamp":1701638820.0},"pose":[0.04057561606168747,0.07386224716901779,0.08772093802690506,0.30903053283691406,-0.19208212196826935,-0.5991992354393005,0.7131372094154358],"pose4x4":[0.20812946557998657,-0.9733410477638245,-0.09637990593910217,0.0,0.7359040379524231,0.09092080593109131,0.6709532737731934,0.0,-0.644303560256958,-0.21057142317295074,0.7352091670036316,0.0,0.04057561606168747,0.07386224716901779,0.08772093802690506,1.0],"resolution":[720,540],"sequence":29,"timestamp":1701638822.931,"tracking":2,"trackingReason":0},{"exposure":0.0,"image":"frame_00000030.jpg","intrinsics":[549.0443115234375,549.0443115234375,356.9969787597656,274.0294189453125,0.0],"location":{"altitude":-3.9000000953674316,"altitudeAccuracy":9.619999885559082,"heading":35.485107421875,"headingAccuracy":9.619999885559082,"headingTimestamp":1701638820.0,"latitude":40.780738830566406,"longitude":-73.9726333618164,"positionAccuracy":9.619999885559082,"positionSource":"corelocation","positionTimestamp":1701638820.0},"pose":[0.05102783441543579,0.06946680694818497,0.078718401491642,0.31204691529273987,-0.20729824900627136,-0.6005743145942688,0.7063741683959961],"pose4x4":[0.19267582893371582,-0.9778339266777039,-0.08195444941520691,0.0,0.7190868258476257,0.0838744044303894,0.689839780330658,0.0,-0.6676750183105469,-0.1918477565050125,0.7193083167076111,0.0,0.05102783441543579,0.06946680694818497,0.078718401491642,1.0],"resolution":[720,540],"sequence":30,"timestamp":1701638822.997,"tracking":2,"trackingReason":0},{"exposure":0.0,"image":"frame_00000031.jpg","intrinsics":[549.0443115234375,549.0443115234375,356.9969787597656,274.0294189453125,0.0],"location":{"altitude":-3.9000000953674316,"altitudeAccuracy":9.619999885559082,"heading":35.485107421875,"headingAccuracy":9.619999885559082,"headingTimestamp":1701638820.0,"latitude":40.780738830566406,"longitude":-73.9726333618164,"positionAccuracy":9.619999885559082,"positionSource":"corelocation","positionTimestamp":1701638820.0},"pose":[0.05827700346708298,0.06683541089296341,0.06550785899162292,0.3132225275039673,-0.21762369573116302,-0.6043699979782104,0.6994770765304565],"pose4x4":[0.17475366592407227,-0.9818152189254761,-0.07415902614593506,0.0,0.7091566324234009,0.07325708866119385,0.7012344598770142,0.0,-0.6830501556396484,-0.17513349652290344,0.7090631723403931,0.0,0.05827700346708298,0.06683541089296341,0.06550785899162292,1.0],"resolution":[720,540],"sequence":31,"timestamp":1701638823.064,"tracking":2,"trackingReason":0},{"exposure":0.0,"image":"frame_00000032.jpg","intrinsics":[549.0443115234375,549.0443115234375,356.9969787597656,274.0294189453125,0.0],"location":{"altitude":-3.9000000953674316,"altitudeAccuracy":9.619999885559082,"heading":35.485107421875,"headingAccuracy":9.619999885559082,"headingTimestamp":1701638820.0,"latitude":40.780738830566406,"longitude":-73.9726333618164,"positionAccuracy":9.619999885559082,"positionSource":"corelocation","positionTimestamp":1701638820.0},"pose":[0.062000252306461334,0.06423185765743256,0.06536534428596497,0.31040287017822266,-0.22274133563041687,-0.6094551086425781,0.6946947574615479],"pose4x4":[0.15790152549743652,-0.9850496053695679,-0.06887876987457275,0.0,0.7084914445877075,0.06442904472351074,0.7027721405029297,0.0,-0.6878277063369751,-0.15976879000663757,0.7080727219581604,0.0,0.062000252306461334,0.06423185765743256,0.06536534428596497,1.0],"resolution":[720,540],"sequence":32,"timestamp":1701638823.131,"tracking":2,"trackingReason":0},{"exposure":0.0,"image":"frame_00000033.jpg","intrinsics":[549.0443115234375,549.0443115234375,356.9969787597656,274.0294189453125,0.0],"location":{"altitude":-3.9000000953674316,"altitudeAccuracy":9.619999885559082,"heading":35.485107421875,"headingAccuracy":9.619999885559082,"headingTimestamp":1701638820.0,"latitude":40.780738830566406,"longitude":-73.9726333618164,"positionAccuracy":9.619999885559082,"positionSource":"corelocation","positionTimestamp":1701638820.0},"pose":[0.05421940237283707,0.06364540010690689,0.055594705045223236,0.3054245114326477,-0.22741039097309113,-0.6120128035545349,0.6931379437446594],"pose4x4":[0.14744967222213745,-0.9873319864273071,-0.05859386920928955,0.0,0.7095052003860474,0.0643123984336853,0.7017587423324585,0.0,-0.689100980758667,-0.14504650235176086,0.71000075340271,0.0,0.05421940237283707,0.06364540010690689,0.055594705045223236,1.0],"resolution":[720,540],"sequence":33,"timestamp":1701638823.197,"tracking":2,"trackingReason":0},{"exposure":0.0,"image":"frame_00000034.jpg","intrinsics":[549.0443115234375,549.0443115234375,356.9969787597656,274.0294189453125,0.0],"location":{"altitude":-3.9000000953674316,"altitudeAccuracy":9.619999885559082,"heading":35.485107421875,"headingAccuracy":9.619999885559082,"headingTimestamp":1701638820.0,"latitude":40.780738830566406,"longitude":-73.9726333618164,"positionAccuracy":9.619999885559082,"positionSource":"corelocation","positionTimestamp":1701638820.0},"pose":[0.05372286215424538,0.06390491127967834,0.053687483072280884,0.3020547330379486,-0.22636735439300537,-0.6135673522949219,0.6935818791389465],"pose4x4":[0.14458584785461426,-0.9878690242767334,-0.05665326118469238,0.0,0.7143677473068237,0.06459605693817139,0.6967825889587402,0.0,-0.6846704483032227,-0.14121612906455994,0.7150415182113647,0.0,0.05372286215424538,0.06390491127967834,0.053687483072280884,1.0],"resolution":[720,540],"sequence":34,"timestamp":1701638823.231,"tracking":2,"trackingReason":0},{"exposure":0.0,"image":"frame_00000035.jpg","intrinsics":[549.0443115234375,549.0443115234375,356.9969787597656,274.0294189453125,0.0],"location":{"altitude":-3.9000000953674316,"altitudeAccuracy":9.619999885559082,"heading":35.485107421875,"headingAccuracy":9.619999885559082,"headingTimestamp":1701638820.0,"latitude":40.780738830566406,"longitude":-73.9726333618164,"positionAccuracy":9.619999885559082,"positionSource":"corelocation","positionTimestamp":1701638820.0},"pose":[0.0444977730512619,0.07326862215995789,0.039869293570518494,0.2901650369167328,-0.1915639340877533,-0.6199787259101868,0.7033729553222656],"pose4x4":[0.15785926580429077,-0.9833228588104248,-0.09031051397323608,0.0,0.7609822750091553,0.06286120414733887,0.6457196474075317,0.0,-0.6292740702629089,-0.17065736651420593,0.7582150101661682,0.0,0.0444977730512619,0.07326862215995789,0.039869293570518494,1.0],"resolution":[720,540],"sequence":35,"timestamp":1701638823.331,"tracking":2,"trackingReason":0},{"exposure":0.0,"image":"frame_00000036.jpg","intrinsics":[549.0443115234375,549.0443115234375,356.9969787597656,274.0294189453125,0.0],"location":{"altitude":-3.9000000953674316,"altitudeAccuracy":9.619999885559082,"heading":35.485107421875,"headingAccuracy":9.619999885559082,"headingTimestamp":1701638820.0,"latitude":40.780738830566406,"longitude":-73.9726333618164,"positionAccuracy":9.619999885559082,"positionSource":"corelocation","positionTimestamp":1701638820.0},"pose":[0.014455651864409447,0.0795602798461914,0.052889347076416016,0.28285524249076843,-0.14608748257160187,-0.6186142563819885,0.7183087468147278],"pose4x4":[0.19194966554641724,-0.9713552594184875,-0.14008474349975586,0.0,0.8060688376426697,0.07461857795715332,0.5870983600616455,0.0,-0.5598284006118774,-0.22561118006706238,0.7973027229309082,0.0,0.014455651864409447,0.0795602798461914,0.052889347076416016,1.0],"resolution":[720,540],"sequence":36,"timestamp":1701638823.431,"tracking":2,"trackingReason":0},{"exposure":0.0,"image":"frame_00000037.jpg","intrinsics":[549.0443115234375,549.0443115234375,356.9969787597656,274.0294189453125,0.0],"location":{"altitude":-3.9000000953674316,"altitudeAccuracy":9.619999885559082,"heading":35.485107421875,"headingAccuracy":9.619999885559082,"headingTimestamp":1701638820.0,"latitude":40.780738830566406,"longitude":-73.9726333618164,"positionAccuracy":9.619999885559082,"positionSource":"corelocation","positionTimestamp":1701638820.0},"pose":[0.013590319082140923,0.07939241826534271,0.051931992173194885,0.27836790680885315,-0.13607004284858704,-0.6188709735870361,0.7217996120452881],"pose4x4":[0.19696736335754395,-0.9691567420959473,-0.14811702072620392,0.0,0.8176466226577759,0.07902008295059204,0.5702712535858154,0.0,-0.5409782528877258,-0.2334320843219757,0.8079925179481506,0.0,0.013590319082140923,0.07939241826534271,0.051931992173194885,1.0],"resolution":[720,540],"sequence":37,"timestamp":1701638823.498,"tracking":2,"trackingReason":0},{"exposure":0.0,"image":"frame_00000038.jpg","intrinsics":[549.0443115234375,549.0443115234375,356.9969787597656,274.0294189453125,0.0],"location":{"altitude":-3.9000000953674316,"altitudeAccuracy":9.619999885559082,"heading":35.485107421875,"headingAccuracy":9.619999885559082,"headingTimestamp":1701638820.0,"latitude":40.780738830566406,"longitude":-73.9726333618164,"positionAccuracy":9.619999885559082,"positionSource":"corelocation","positionTimestamp":1701638820.0},"pose":[0.0033868886530399323,0.082663893699646,0.04811779782176018,0.26541686058044434,-0.11937063932418823,-0.6213690042495728,0.7274647355079651],"pose4x4":[0.19930243492126465,-0.9674140214920044,-0.15616774559020996,0.0,0.8406821489334106,0.08690893650054932,0.5345092415809631,0.0,-0.5035194754600525,-0.23781639337539673,0.8306090831756592,0.0,0.0033868886530399323,0.082663893699646,0.04811779782176018,1.0],"resolution":[720,540],"sequence":38,"timestamp":1701638823.531,"tracking":2,"trackingReason":0},{"exposure":0.0,"image":"frame_00000039.jpg","intrinsics":[549.0443115234375,549.0443115234375,356.9969787597656,274.0294189453125,0.0],"location":{"altitude":-3.9000000953674316,"altitudeAccuracy":9.619999885559082,"heading":35.485107421875,"headingAccuracy":9.619999885559082,"headingTimestamp":1701638820.0,"latitude":40.780738830566406,"longitude":-73.9726333618164,"positionAccuracy":9.619999885559082,"positionSource":"corelocation","positionTimestamp":1701638820.0},"pose":[-0.0031511876732110977,0.08404910564422607,0.04336366802453995,0.2517200708389282,-0.10224650800228119,-0.625109076499939,0.7317246198654175],"pose4x4":[0.1975685954093933,-0.9662904143333435,-0.16507244110107422,0.0,0.863340437412262,0.0917513370513916,0.496209979057312,0.0,-0.4643375873565674,-0.24054908752441406,0.8523653149604797,0.0,-0.0031511876732110977,0.08404910564422607,0.04336366802453995,1.0],"resolution":[720,540],"sequence":39,"timestamp":1701638823.598,"tracking":2,"trackingReason":0},{"exposure":0.0,"image":"frame_00000040.jpg","intrinsics":[549.0443115234375,549.0443115234375,356.9969787597656,274.0294189453125,0.0],"location":{"altitude":-3.9000000953674316,"altitudeAccuracy":9.619999885559082,"he